1fghjfgj
2222hg
3333333333333hn
44444444444444
5555555555555555hgf
6666666666666666666
77777777777777777777hng
88888888888888888888
999999999999999999999
10000000000hgf
111111111
1222222222
13333333333333333333333333333gf
166666666666666666
1777777777777777777777777
188888888888888888888h
1999999999999999999999
2000000000000000000gfhgf
2111111111111
22222222222
23333333333333hghngfhgfhngn
2444444444444444444
2555555555555555
266666666666666666
277777777777777
288888888888888888
299999999999999999999
3000000000000000
31111111111111111111
322222222222222222222
33333333333333
34444444444444444444
3555555555555555
366666666666666666666
377777777777777777
38888888888888888888888
39999999999999999999999
400000000000000000000
41111111111111
4444422222222222
хваааааааааааатииит
